20181061611 1.0 3 2.0 1 1.0 3 2.5 1 4.0 2 2.5 2 1.0 1 1.5 3 2.0 3
20181439463 3.5 2 4.0 3 1.5 1 3.5 1 4.0 2 2.0 3 1.0 2 1.5 3 1.5 2
20181017229 4.0 3 1.0 2 2.0 3 1.0 1 2.0 2 3.5 1 2.5 2 2.0 2 2.5 1 4.0 1 4.0 2
20181101887 2.5 1 2.5 2 0.0 2 0.0 2 4.0 2 0.5 2 4.5 2 2.0 2 0.5 3 2.0 2
20181440326 2.0 3 1.5 1 4.0 3 1.0 3 2.5 1 0.5 2 0.0 2 0.5 2 1.0 1 1.5 2
20181181863 0.5 3 4.5 1 1.5 2 3.0 2 0.5 3 0.5 2 1.5 3 4.0 2 1.0 1
20181473695 0.5 3 3.5 2 3.5 1 4.0 3 0.0 2 0.5 3 4.5 1 0.5 2 1.0 3
20181127270 3.0 1 1.0 1 4.5 3 1.5 3 3.0 2 1.5 2 0.5 3 3.5 3 1.0 2
20181105239 3.5 2 3.5 2 4.0 2 2.0 2 3.5 1 0.0 3 3.0 1 0.0 3 0.5 1 0.5 1 3.0 1
20181233202 2.0 3 4.5 3 3.0 1 1.5 2 0.0 2 4.0 2 2.5 1 0.5 3 3.5 3
20181532078 1.5 2 1.0 3 3.5 1 1.0 3 2.0 2 2.5 2 3.5 1 2.5 3 4.5 3
20181346056 2.5 1 0.5 1 4.0 1 3.5 1 3.5 3 0.0 2 0.5 2 3.5 1 4.5 2 4.0 1 0.5 3 3.0 1
20181011578 2.5 2 4.5 1 1.5 2 4.5 3 2.0 3 2.5 2 3.0 1 0.0 1 1.5 1 4.0 3
20181148896 0.0 3 0.0 2 3.5 3 3.0 1 3.5 3 3.5 2 4.5 2 2.0 3
20181530331 3.5 3 2.5 2 0.5 3 2.0 3 3.0 1 2.5 1 2.0 1 1.5 1 4.5 3 0.5 2
20181196461 3.5 2 3.0 2 3.0 3 3.5 1 3.0 3 0.0 2 2.5 2 4.5 1 0.5 2 0.5 2
20181489582 3.5 3 4.5 1 4.0 3 3.0 2 4.5 3 0.5 2 0.0 2 3.5 1 0.5 3
20181054488 2.5 2 4.5 1 0.0 2 0.5 3 4.0 1 4.5 2 0.0 1 4.0 3 2.0 1 1.5 2 2.0 3
20181404935 2.0 2 1.0 2 0.5 2 3.0 3 2.5 3 0.5 3 1.0 2 3.0 3
20181469074 2.0 2 3.5 3 0.0 2 4.0 2 2.0 3 3.0 1 3.5 2 4.5 2 1.0 2
20181256221 2.5 3 3.0 3 1.5 3 4.0 1 1.0 2 1.5 3 2.5 1 3.0 1 4.5 3
20181206920 1.5 1 1.0 1 0.5 2 2.5 3 2.0 3 1.5 1 2.5 3 0.0 1 0.0 1 2.0 2 2.0 1
20181225077 2.0 3 0.5 1 3.0 2 3.5 2 2.0 1 2.0 3 0.5 3 3.0 1 4.5 1 0.0 1 1.0 2
20181515265 2.5 3 2.0 1 0.5 1 0.0 3 2.0 3 2.0 1 1.0 3 4.0 1 3.0 1 4.0 1 4.0 3
20181425419 3.5 1 2.5 1 1.0 2 1.0 2 3.5 2 3.5 2 2.5 3 1.0 1 0.5 3 4.0 1 4.5 3
20181226032 0.0 2 2.5 1 4.0 3 2.5 2 3.0 2 4.0 3 2.5 3 3.0 2 3.0 3
20181233198 3.5 3 2.0 3 4.5 3 0.5 2 2.0 3 1.5 2 4.0 1 0.0 2
20181021674 0.5 1 4.5 2 2.5 2 0.0 3 4.0 2 4.5 1 0.0 3 1.0 1 1.0 3 2.0 3
20181322120 0.5 2 0.5 3 2.0 1 1.5 3 4.0 1 3.0 1 3.0 2 1.5 1 4.5 3 0.5 3
20181550200 3.0 2 2.5 3 2.0 2 4.0 2 3.0 3 4.0 2 1.0 3 2.5 2
20181371542 0.5 1 4.5 1 4.5 3 4.0 3 4.0 3 1.5 1 2.0 2 3.0 1 4.5 2 2.5 1 2.0 1
20181552272 1.0 3 2.0 3 1.0 2 4.0 3 4.0 3 2.0 1 1.0 3 4.5 3
20181211116 0.0 1 2.5 3 0.5 2 4.0 3 3.0 2 4.5 3 2.0 3 2.5 1 4.0 1
20181518395 0.5 3 4.5 3 3.5 2 3.0 2 3.0 1 1.5 2 3.5 1 1.5 2 3.5 2 4.5 1
20181021393 3.5 3 2.0 3 0.5 1 3.5 1 3.5 3 1.5 3 2.0 2 1.0 2 3.5 3
20181158295 4.5 1 3.0 1 4.5 2 1.0 3 0.5 2 4.5 3 1.0 1 3.5 2 1.0 2 0.5 1 0.0 3
20181392547 2.0 2 2.0 3 4.5 2 4.0 2 3.0 2 4.5 2 3.0 2 0.5 1 4.5 3
20181175032 1.5 3 1.0 3 1.0 2 2.0 2 0.5 1 4.0 1 3.5 2 0.0 3 3.5 1 2.0 2
20181148580 1.0 2 4.0 2 3.5 3 0.5 2 1.0 1 2.0 1 4.5 2 0.0 2 3.5 1 0.5 2 3.0 1
20181461444 2.5 1 1.0 1 4.0 1 4.0 2 1.0 2 3.5 3 3.0 3 3.0 2 1.0 1 0.5 3
20181334299 2.0 3 0.5 2 2.5 2 0.5 2 4.0 2 1.0 2 4.5 3 4.5 1 3.0 2
20181395773 1.5 2 4.0 3 4.0 3 2.5 3 2.0 3 3.0 2 2.0 3
20181142816 3.5 2 4.0 1 4.5 1 0.0 2 3.0 3 4.0 1 4.5 3 1.5 2 0.5 2 2.5 1 2.0 2
20181220788 3.0 2 2.0 2 3.0 1 4.5 1 4.5 3 1.0 3 4.5 1 2.5 3 0.5 3
20181465893 2.5 3 2.5 1 4.0 2 2.0 2 4.5 1 2.0 2 3.0 2 2.0 3 1.0 3
20181119852 0.5 2 3.5 3 2.0 3 2.0 3 0.0 1 1.0 1 0.0 2 0.5 1 2.0 2 1.0 3
20181187623 2.5 2 0.0 2 4.5 2 1.0 3 0.0 3 3.0 2 4.0 3 0.0 1 2.5 2
20181200706 2.5 3 3.5 2 1.0 2 2.5 2 0.0 3 0.5 1 1.0 2 3.5 2 0.0 1 4.0 3
20181076005 3.0 1 2.0 3 1.0 3 4.5 1 0.5 2 1.5 1 3.5 2 2.0 2 4.0 1 0.5 2 3.5 3
20181552541 1.5 3 3.5 2 1.5 2 1.0 1 1.5 3 3.5 3 0.5 1 1.0 3 2.5 2
20181515751 1.0 3 1.5 2 3.5 2 0.0 3 1.0 1 3.5 2 3.0 1 4.5 1 4.5 3 4.5 2
20181344531 2.0 2 0.5 2 3.0 2 0.5 1 1.0 2 1.5 3 4.0 3 1.5 2 2.0 2
20181046148 2.5 3 2.5 3 1.0 3 2.0 3 3.0 3 1.0 2 3.5 1 4.0 3
20181457107 2.5 3 4.5 2 1.0 3 1.0 1 1.0 3 1.5 1 2.5 2 4.5 3 4.5 2
20181201090 4.5 1 1.5 3 1.0 3 1.0 2 3.5 3 3.5 3 0.5 1 1.5 3
20181266784 4.5 3 1.5 1 0.0 3 2.5 1 3.5 2 4.5 2 1.5 3 3.5 2 1.5 3
20181120408 0.0 1 3.5 3 3.5 3 4.5 1 0.0 3 4.0 1 0.0 1 1.0 1 4.5 3 2.5 2
20181418329 0.5 1 4.5 2 1.5 2 4.5 3 2.0 1 1.0 3 4.5 1 4.0 1 1.5 3 4.0 2
20181424107 0.5 3 1.5 2 3.5 1 0.5 2 3.5 2 0.5 2 2.0 2 1.5 2 0.0 1 3.5 2
20181430264 1.0 3 4.5 2 0.5 2 2.5 1 4.5 1 0.0 2 2.0 2 0.5 3 1.0 1 2.5 3
20181474516 1.5 2 2.0 3 2.0 1 2.0 2 2.0 3 4.5 1 0.0 1 2.5 2 2.5 3 4.0 2
20181246068 2.0 2 0.5 3 4.0 1 4.5 3 4.5 3 2.0 1 2.5 2 4.0 1 2.0 1 0.5 1 0.5 3
20181520856 2.5 1 4.0 1 3.0 2 2.0 2 3.0 1 0.5 1 2.0 2 3.0 1 3.0 1 3.5 1 4.0 3 3.0 2 0.0 3
20181469421 2.0 3 4.0 2 4.5 2 1.5 2 3.5 1 4.5 1 2.0 1 4.5 2 0.5 3 0.0 3
20181156674 1.5 3 4.0 3 2.5 3 1.0 1 3.0 3 4.5 2 0.5 2 2.5 1 2.0 3
20181326240 2.0 3 0.0 1 4.5 2 3.5 2 2.5 2 2.0 2 3.5 2 1.5 3 2.5 2
20181169621 4.5 2 0.5 1 1.0 1 2.0 2 0.0 2 4.5 3 3.0 1 2.0 2 3.5 3 2.0 2
20181418959 0.5 2 0.0 1 3.5 2 2.5 2 3.5 1 4.0 2 3.0 3 2.0 1 2.0 1 0.5 3 3.5 2
20181412067 0.5 2 4.0 1 1.0 3 2.0 3 3.5 1 2.5 2 3.0 3 3.0 2 3.0 3
20181154969 4.0 1 0.5 3 1.0 1 0.0 3 3.5 1 2.0 2 2.5 3 3.0 2 1.5 1 2.5 2
20181323088 0.0 3 4.5 3 3.0 3 0.0 2 3.5 2 3.5 2 3.5 1 1.5 1 2.0 2
20181295466 0.0 1 3.0 1 1.5 2 0.5 1 2.5 1 0.0 2 1.0 1 2.5 1 2.0 1 0.5 2 0.5 2 0.0 3 1.0 3
20181551532 3.0 3 3.5 3 0.5 3 0.0 1 3.5 1 3.0 2 1.0 1 3.5 2 0.0 3
20181199395 2.5 2 3.0 3 1.0 3 4.0 2 1.0 3 2.5 1 1.0 2 4.0 3
20181501003 0.0 1 2.5 1 3.0 3 1.5 1 0.5 1 4.5 2 1.0 1 1.0 3 3.0 1 0.0 1 1.0 2 3.5 2
20181215058 3.5 3 1.0 2 0.0 2 3.5 2 4.5 1 2.0 3 0.0 3 4.5 2 0.0 1
20181356657 2.0 2 1.5 1 3.0 2 0.0 3 3.0 1 0.0 2 1.0 3 3.0 2 3.0 3
20181057576 1.0 1 1.5 2 3.0 1 0.5 1 0.5 1 4.5 2 0.5 3 1.5 1 1.0 3 0.0 1 2.5 1 3.0 1 4.0 3
20181049007 1.5 1 3.0 2 2.5 2 4.5 1 3.5 3 2.5 1 0.0 2 0.5 2 3.0 1 2.0 1 1.5 3
20181234080 2.0 1 2.5 3 3.0 1 3.5 2 0.5 2 4.5 1 0.5 1 0.0 2 3.0 3 0.5 3
20181030872 2.5 1 1.5 3 4.0 2 3.5 1 2.0 1 3.5 2 4.5 3 3.5 3 2.5 1 4.0 1 1.0 2
20181067539 2.0 2 0.5 3 2.5 2 2.0 2 1.5 1 3.0 3 1.5 2 4.5 3 1.5 2
20181132731 0.0 3 1.0 3 1.5 3 1.5 3 3.5 1 2.0 2 3.5 3 4.5 1
20181307840 4.5 2 1.0 1 0.0 3 0.0 3 2.5 2 1.0 2 3.0 3 3.5 3
20181553429 3.0 1 4.0 3 4.5 1 2.0 3 2.5 1 2.5 2 3.0 1 0.5 2 2.0 2 2.0 2 0.0 3
20181081869 2.5 1 3.0 2 1.0 2 3.5 2 1.5 1 4.0 2 0.5 2 1.0 1 3.0 2 1.0 1 4.5 1 3.5 2
20181309099 4.0 2 1.0 1 3.0 2 0.5 3 2.5 1 4.0 1 0.5 2 2.0 2 2.5 2 1.0 2 1.5 1
20181319301 4.5 2 1.0 1 0.0 3 2.0 1 0.0 3 4.0 3 2.0 2 3.0 2 3.5 1 4.0 1
20181353009 2.0 3 3.5 2 1.0 3 0.0 3 1.5 3 2.0 3 1.5 1 0.5 3
20181114453 2.0 2 1.5 1 4.0 3 0.0 1 0.0 2 1.0 2 1.5 2 0.5 3 2.5 1 4.5 2
20181211801 0.5 3 3.5 1 2.0 3 0.5 3 4.0 2 1.5 2 4.5 3 3.0 3
20181388730 4.5 3 1.0 1 4.0 1 1.5 3 0.5 2 0.0 1 2.5 2 0.5 3 3.0 1 0.5 1 3.0 3
20181060694 1.5 3 0.0 1 4.5 1 2.5 1 0.5 1 1.0 2 1.5 1 2.0 3 2.5 3 0.5 1 4.5 3
20181328139 0.0 3 3.5 3 1.5 2 2.5 1 0.5 3 1.0 3 3.5 3 3.5 3
20181148095 1.5 2 4.0 1 1.0 2 0.0 3 0.5 2 0.0 1 3.5 1 0.0 3 0.0 2 4.5 1 2.0 3
20181132583 1.5 1 0.5 3 3.5 2 4.5 2 4.5 2 3.5 3 0.0 2 2.5 3 0.0 1
20181190657 0.5 1 1.0 2 4.0 3 3.5 2 2.0 3 3.0 1 3.5 2 2.5 3 2.5 3
20181097112 2.0 2 2.5 1 3.5 1 3.5 3 1.0 3 3.5 3 1.5 2 3.0 1 4.5 2 1.5 2
20181478718 0.0 1 3.0 2 3.0 1 2.5 2 4.5 2 1.5 2 4.0 1 2.5 2 4.5 2 3.5 2 0.0 2
20181031076 3.5 1 0.0 2 4.0 1 3.0 1 2.0 3 1.5 3 3.5 1 2.5 3 1.5 3 3.0 1
